ITERATION         DX(m)        DY(m)          DZ(m)      DCLOCK(m)      DTROP(m)   FINAL X(m)      FINAL Y(m)       FINAL Z(m)    FINAL CLOCK(m) FINAL TROP(m)  SIG X(m)  SIG Y(m) SIG Z(m)  SIG CLOCK(m) SIG TROP(m) DOP
0001          -5735.36041   +1132.08000   -2593.07508  +519449.321      +0.00001  -2700420.833    -4292510.286    +3855285.849     +519449.321       +2.411      +2.147    +3.449    +2.136    +2.982      +0.010     +7.94
0002             -0.24722      -0.28313      +0.26181       -0.569      +0.18622  -2700421.081    -4292510.569    +3855286.111     +519448.752       +2.597      +0.670    +0.544    +0.625    +0.878      +1.000     +7.95
0003             -0.06372      -0.22574      +0.08175       +0.112      +0.02021  -2700421.144    -4292510.795    +3855286.192     +519448.864       +2.617      +1.564    +2.468    +1.561    +2.250      +0.507     +7.95
0004             -0.04065      -0.04898      +0.02983       -0.081      +0.09261  -2700421.185    -4292510.844    +3855286.222     +519448.783       +2.710      +0.750    +0.583    +0.711    +0.711      +0.800     +7.95
0005             +0.03905      +0.00364      -0.04862       -0.083      +0.03098  -2700421.146    -4292510.840    +3855286.174     +519448.700       +2.741      +1.335    +2.048    +1.343    +2.032      +0.604     +7.95
0006             -0.01873      -0.02822      +0.00502       -0.036      +0.04090  -2700421.165    -4292510.868    +3855286.179     +519448.664       +2.782      +0.790    +0.638    +0.757    +0.627      +0.719     +7.95
0007             +0.04728      +0.03960      -0.05857       -0.112      +0.03354  -2700421.117    -4292510.829    +3855286.120     +519448.553       +2.815      +1.220    +1.811    +1.239    +1.948      +0.670     +7.95
0008             -0.00984      -0.02218      -0.00168       -0.022      +0.02509  -2700421.127    -4292510.851    +3855286.118     +519448.530       +2.840      +0.812    +0.688    +0.782    +0.580      +0.679     +7.95
0009             +0.04702      +0.04990      -0.05855       -0.120      +0.03565  -2700421.080    -4292510.801    +3855286.060     +519448.411       +2.876      +1.153    +1.659    +1.186    +1.911      +0.715     +7.95
0010             -0.00489      -0.01895      -0.00418       -0.016      +0.01760  -2700421.085    -4292510.820    +3855286.056     +519448.395       +2.894      +0.826    +0.729    +0.796    +0.552      +0.657     +7.95
