ITERATION         DX(m)        DY(m)          DZ(m)      DCLOCK(m)      DTROP(m)   FINAL X(m)      FINAL Y(m)       FINAL Z(m)    FINAL CLOCK(m) FINAL TROP(m)  SIG X(m)  SIG Y(m) SIG Z(m)  SIG CLOCK(m) SIG TROP(m) DOP
0001          -5735.36310   +1132.07078   -2593.06435  +519449.331      +0.00001  -2700420.836    -4292510.295    +3855285.860     +519449.331       +2.411      +2.160    +3.486    +2.155    +3.003      +0.010     +0.00
0002             -0.26809      -0.31575      +0.28706       -0.609      +0.24864  -2700421.104    -4292510.611    +3855286.147     +519448.722       +2.660      +0.712    +0.591    +0.662    +0.909      +1.043     +0.00
0003             +0.14222      +0.51609      -0.15795       -0.475      +0.02382  -2700420.962    -4292510.095    +3855285.989     +519448.246       +2.683      +0.000    +0.000    +0.000    +0.000      +0.000     +240794722.07
0004             -0.08732      -0.09182      +0.11047       -0.178      +0.20477  -2700421.049    -4292510.187    +3855286.099     +519448.068       +2.888      +0.287    +0.408    +0.658    +0.793      +0.929     +140359322.25
0005             -1.01812      +0.33768      +1.40066       +1.449      -0.41650  -2700422.067    -4292509.849    +3855287.500     +519449.518       +2.472      +2.943    +5.128    +0.000    +5.526      +0.000     +0.00
0006             +0.11593      +0.02406      -0.15052       +0.137      -0.17120  -2700421.951    -4292509.825    +3855287.349     +519449.654       +2.300      +0.856    +0.351    +0.650    +0.575      +0.753     +0.00
0007             +0.17528      -1.68857      -0.84801       +0.100      +0.20250  -2700421.776    -4292511.514    +3855286.501     +519449.755       +2.503      +0.000    +2.354    +1.568    +0.556      +0.618     +0.00
0008             +0.08480      -0.05388      +0.04067       -0.015      +0.01838  -2700421.691    -4292511.567    +3855286.542     +519449.740       +2.521      +0.824    +1.014    +0.953    +0.645      +0.788     +0.00
0009             -0.01316      -0.11523      +0.07211       +0.147      -0.03858  -2700421.705    -4292511.683    +3855286.614     +519449.887       +2.483      +0.698    +1.797    +0.950    +0.000      +0.532     +74671530.22
0010             +0.02819      -0.00139      +0.02778       -0.002      -0.00111  -2700421.676    -4292511.684    +3855286.642     +519449.886       +2.482      +0.803    +0.406    +0.732    +0.499      +0.646     +0.00
